Classification Report:

              precision    recall  f1-score   support

           A       0.99      1.00      0.99       188
           B       1.00      1.00      1.00       194
           C       0.99      1.00      1.00       162
           D       1.00      1.00      1.00       207
           E       0.99      1.00      0.99       198
           F       1.00      1.00      1.00       249
           G       1.00      1.00      1.00       206
           H       1.00      1.00      1.00       207
           I       1.00      0.99      1.00       205
           J       1.00      0.99      0.99       219
           K       1.00      0.99      1.00       234
           L       1.00      1.00      1.00       218
           M       1.00      0.98      0.99       106
           N       0.99      1.00      0.99        90
           O       0.99      1.00      1.00       194
           P       0.99      0.99      0.99       173
           Q       0.99      1.00      0.99       176
           R       0.99      1.00      0.99       219
           S       0.99      1.00      0.99       219
           T       1.00      1.00      1.00       204
           U       0.99      1.00      0.99       221
           V       0.99      1.00      0.99       224
           W       1.00      0.99      0.99       216
           X       0.99      0.99      0.99       187
           Y       1.00      1.00      1.00       227
           Z       1.00      1.00      1.00       202
         del       0.99      1.00      1.00       128
       space       0.99      0.99      0.99       110

    accuracy                           1.00      5383
   macro avg       1.00      1.00      1.00      5383
weighted avg       1.00      1.00      1.00      5383
