
Classification Report:

              precision    recall  f1-score   support

           A       0.98      1.00      0.99       313
           B       0.99      1.00      1.00       323
           C       0.99      1.00      1.00       269
           D       1.00      1.00      1.00       345
           E       0.99      1.00      1.00       330
           F       1.00      1.00      1.00       415
           G       1.00      1.00      1.00       344
           H       1.00      1.00      1.00       345
           I       0.99      0.99      0.99       341
           J       1.00      0.99      0.99       365
           K       1.00      1.00      1.00       390
           L       1.00      1.00      1.00       363
           M       0.98      0.96      0.97       177
           N       0.97      0.99      0.98       149
           O       1.00      1.00      1.00       324
           P       1.00      0.99      1.00       288
           Q       0.99      1.00      0.99       294
           R       0.99      0.99      0.99       365
           S       0.98      1.00      0.99       365
           T       0.99      0.99      0.99       339
           U       0.99      0.99      0.99       368
           V       0.99      1.00      1.00       374
           W       0.99      0.98      0.99       361
           X       1.00      0.99      0.99       311
           Y       1.00      0.99      0.99       379
           Z       1.00      1.00      1.00       337
         del       1.00      1.00      1.00       214
       space       1.00      1.00      1.00       183

    accuracy                           0.99      8971
   macro avg       0.99      0.99      0.99      8971
weighted avg       0.99      0.99      0.99      8971
