Classification Report:

              precision    recall  f1-score   support

           A       0.99      0.99      0.99       325
           B       1.00      1.00      1.00       330
           C       1.00      1.00      1.00       299
           D       1.00      0.99      1.00       364
         DEL       0.99      0.99      0.99       249
           E       0.99      1.00      1.00       346
           F       1.00      1.00      1.00       430
           G       1.00      1.00      1.00       378
           H       0.99      0.99      0.99       361
           I       0.99      1.00      1.00       357
           J       1.00      1.00      1.00       384
           K       1.00      1.00      1.00       405
           L       1.00      1.00      1.00       376
           M       0.96      0.97      0.97       250
           N       0.95      0.96      0.96       198
           O       0.99      1.00      1.00       342
           P       0.99      1.00      1.00       301
           Q       1.00      0.99      0.99       299
           R       0.99      0.99      0.99       379
           S       1.00      0.99      0.99       380
       SPACE       1.00      1.00      1.00       242
           T       0.99      0.99      0.99       349
           U       0.99      0.99      0.99       373
           V       1.00      0.99      0.99       379
           W       1.00      0.99      0.99       364
           X       0.99      1.00      0.99       326
           Y       1.00      1.00      1.00       385
           Z       1.00      0.99      0.99       351

    accuracy                           0.99      9522
   macro avg       0.99      0.99      0.99      9522
weighted avg       0.99      0.99      0.99      9522